캐릭터리스트																																	일반용병-0		
2004-05-21  10시																																	장수-1		
hq에 들어감			X=적용불가																		봉인의 구슬 개수 = 몬스터 고용 가능 레벨 / 10												몬스터-2		
김영나	전체숫자안쓰임	이름코드	X	X	국가별분류	힘	민첩	생명력	지력	기본방어력	기본레벨	무게	물리방어력	마법방어력	최소데미지	최고데미지	db에서만사용	db에서만사용	db에서만사용	고용가격	고용가능렙(봉인의돌 개수 정함)	장비무기	고용신등	주는아이템	확률	주는아이템	확률	주는아이템	확률	X	X	설명	구분	X	
Character ID	Name	Name Code	CurEXP	MyEXP	Nation	Str	Dex	Vit	Int	AC	Level	LiftConstant	DamageResist	MagicResist	EquipMinDamage	EquipMaxDamage	MoveSpeed	Life	Mana	Cost	NeedLevel	WeaponType	Need Credit	Item Drop1	Percent1	Item Drop2	Percent2	Item Drop3	Percent3	Gold Drop	Percent4	Desc Text	General	Attack Type	"MonsterType(0:none,1:weak,2:strong,3:boss,4:boss 이면서 포박 안되는경우)"
C00	조철희	100001	10	0	1	15	15	15	5	5	1	200	0	0	6	8	7	60	20	0	10	1	0	0	0	0	0	0	0	0	0	0	0	1	0
C01	이명화	100100	10	0	1	15	15	15	5	5	1	200	0	0	6	8	7	60	20	0	10	1	0	0	0	0	0	0	0	0	0	0	0	1	0
C34	시마다료	100002	10	0	10	15	15	15	5	5	1	200	0	0	6	8	7	60	20	0	10	1	0	0	0	0	0	0	0	0	0	0	0	1	0
C35	겐노	100101	10	0	10	15	15	15	5	5	1	200	0	0	6	8	7	60	20	0	10	1	0	0	0	0	0	0	0	0	0	0	0	1	0
C40	왕소룡	100244	10	0	1000	15	15	15	5	5	1	200	0	0	6	8	7	60	20	0	10	1	0	0	0	0	0	0	0	0	0	0	0	1	0
C41	왕미령	100245	10	0	1000	15	15	15	5	5	1	200	0	0	6	8	7	60	20	0	10	1	0	0	0	0	0	0	0	0	0	0	0	1	0
C90	운영자1	100217	10	0	1	15	15	15	5	5	1	200	0	0	6	8	7	60	20	0	10	1	0	0	0	0	0	0	0	0	0	0	0	1	0
C50	당호엽 	100277	0	0	100	15	15	15	5	5	1	200	0	0	6	8	7	60	20	0	10	1	0	0	0	0	0	0	0	0	0	0	0	1	0
C51	노수연	100278	0	0	100	15	15	15	5	5	1	200	0	0	6	8	7	60	20	0	10	1	0	0	0	0	0	0	0	0	0	0	0	1	0
M00	아귀	100003	135	100	0	80	55	100	20	60	1	100	30	0	35	45	4	400	80	60000	60	0	60	402	100000	380	100000	422	100000	0	0	0	2	3	1
M01	호랑이	100004	18	100	0	20	35	10	0	10	1	100	0	0	6	11	6	40	0	16000	16	0	16	66	17000000	640	17000000	556	700000	0	0	0	2	4	1
M02	요수목	100005	10	100	0	15	25	7	0	5	1	100	0	0	3	5	4	28	0	6000	6	0	6	160	17000000	157	17000000	525	1000000	0	0	0	2	2	1
M03	식귀	100006	100	100	0	60	55	120	0	65	1	100	0	0	18	22	5	480	0	46000	46	0	46	199	3000000	628	1000000	460	200000	0	0	0	2	3	1
M04	온천원숭이	100007	50	120	0	35	35	30	0	25	1	100	20	0	18	25	5	120	0	26000	26	0	26	640	15000000	641	15000000	455	500000	0	0	0	2	3	1
M05	견신	100008	39	100	0	50	55	25	0	20	1	100	0	0	17	33	5	100	0	48000	48	craw	48	619	500000	147	12000000	559	500000	0	0	4010244	2	4	1
M06	꼬마산적	100009	4	100	0	12	10	4	0	4	1	100	0	0	1	2	4	16	0	5000	5	0	5	610	1300000	19	20000000	550	1300000	30	200	0	2	2	1
M07	산적	100010	4	100	0	14	11	5	0	5	1	100	0	0	2	3	4	20	0	7000	7	0	7	613	1000000	140	20000000	431	1000000	0	0	0	2	2	1
M08	철퇴산적	100014	11	100	0	25	25	8	0	9	1	100	0	0	2	4	3	32	0	10000	10	0	10	82	5000000	55	15000000	393	1000000	100	200	0	2	2	1
M09	갓파	100016	50	150	0	30	25	20	0	15	1	100	0	0	6	10	4	80	0	28000	28	0	28	643	1500000	24	17000000	376	700000	0	0	0	2	3	1
M10	각다귀	100017	36	100	0	35	50	25	2	20	1	100	0	0	13	17	4	100	8	32000	32	0	32	155	15000000	151	15000000	415	500000	0	0	0	2	3	1
M11	도깨비	100018	40	120	0	40	40	35	10	23	1	100	0	0	15	18	4	140	40	37000	37	0	37	154	15000000	151	15000000	377	500000	300	200	0	2	3	1
M12	구미호	100019	13	130	0	25	18	6	10	9	1	100	0	0	2	4	4	24	40	26000	26	0	26	70	100000	152	17000000	496	1000000	0	0	4010232	2	2	1
M13	불가사리	100020	65	200	0	20	20	40	10	10	1	100	0	0	1	3	4	160	40	35000	35	0	35	642	1000000	150	17000000	606	400000	0	0	4010234	2	3	1
M14	오니	100400	152	100	0	150	70	180	0	55	1	100	0	0	32	44	4	720	0	50000	50	0	50	758	100000	786	100000	483	200000	0	0	8000690	2	4	1
M15	화룡	100401	1080	100	0	400	700	800	150	234	1	100	95	80	180	220	4	3200	600	100000	100	0	100	206	500000	549	100000	0	0	0	0	0	2	1	3
M16	설인	100402	36	100	0	35	45	30	10	20	1	100	0	20	6	7	4	120	40	30000	30	0	30	109	15000000	641	15000000	502	500000	0	0	0	2	4	1
M17	털가면	100403	43	150	0	25	35	20	25	15	1	100	0	0	5	8	4	80	100	35000	35	0	35	180	17000000	153	17000000	395	700000	0	0	4010243	2	3	1
M18	궁수산적	100404	10	130	0	15	20	5	0	6	1	100	0	0	2	3	4	20	0	16000	16	Arrow	16	773	1000000	771	3500000	413	1000000	100	200	4010233	2	2	1
M19	황룡	100405	777	100	0	300	600	500	120	200	1	100	95	80	120	180	4	2000	480	100000	100	0	100	440	500000	195	100000	0	0	0	0	0	2	1	3
M20	박쥐	100406	55	250	0	25	18	20	0	15	1	100	0	30	4	7	5	80	0	15000	15	0	15	747	700000	640	17000000	527	700000	0	0	0	2	1	1
M21	두꺼비	100407	42	140	0	30	40	25	10	18	1	100	0	30	11	15	4	100	40	31000	31	0	31	640	4000000	158	6000000	435	500000	0	0	0	2	3	1
M22	독지네	100408	180	100	0	120	90	200	0	80	1	100	20	20	54	65	4	800	0	103000	103	0	103	441	100000	423	100000	539	200000	0	0	4010247	2	4	1
M23	두억시니	100409	37	100	0	45	38	30	0	17	1	100	0	0	12	23	4	120	0	36000	36	0	36	188	4000000	749	500000	530	500000	400	200	0	2	4	1
M24	사슴	100410	3	100	0	10	12	3	0	4	1	200	0	0	1	2	5	12	0	21000	21	0	21	143	10000000	741	5000000	430	1300000	0	0	4010231	2	1	1
M25	너구리	100411	4	100	0	10	10	4	0	4	1	100	0	0	1	2	4	16	0	3000	3	0	3	143	10000000	741	5000000	412	1300000	0	0	0	2	1	1
M26	왜구	100412	4	100	0	16	10	4	0	4	1	100	0	0	3	4	4	16	0	11000	11	sword	11	375	2500000	374	17000000	493	1300000	50	200	4010242	2	2	1
M27	조총왜구	100413	9	130	0	17	10	5	0	5	1	100	0	0	3	4	4	20	0	10000	10	0	10	616	700000	346	17000000	449	1000000	110	200	0	2	2	1
M28	설녀	100414	136	170	0	90	95	80	20	35	1	100	20	30	30	45	4	320	80	80000	80	0	80	364	12000000	625	300000	480	300000	0	0	4010246	2	4	1
M29	강시	100415	56	200	0	800	500	200	300	300	1	100	120	200	120	150	5	800	1200	40000	40	0	40	15	1000000	15	6000000	456	400000	0	0	0	2	4	1
M30	돌하루방	100416	112	100	0	100	70	110	0	65	1	100	50	0	34	40	4	440	0	85000	85	0	85	148	12000000	149	12000000	568	200000	0	0	4010237	2	4	1
M31	바다게	100417	110	100	0	65	60	80	10	45	1	100	30	0	16	20	3	320	40	50000	50	0	50	742	12000000	179	12000000	508	300000	0	0	0	2	4	1
M32	귀묘	100418	65	130	0	35	35	60	0	20	1	100	0	0	8	14	4	240	0	47000	47	0	47	360	15000000	641	15000000	533	400000	0	0	4010245	2	3	1
M33	백호	100419	55	100	0	35	55	55	10	22	1	100	20	10	15	20	6	220	40	44000	44	0	44	190	3000000	641	15000000	479	400000	0	0	4010236	2	4	1
M34	바다거북이	100420	115	120	0	65	70	100	25	50	1	100	50	0	16	22	5	400	100	52000	52	0	52	643	3000000	110	12000000	438	200000	0	0	0	2	4	1
M35	독나방	100421	15	250	0	10	15	5	0	4	1	100	0	0	1	3	6	20	0	3000	3	0	3	743	1500000	17	20000000	469	1300000	0	0	0	2	1	1
M36	거미요괴	100422	108	130	0	65	75	70	15	35	1	100	40	0	22	27	6	280	60	45000	45	0	45	185	12000000	110	12000000	607	300000	0	0	0	2	4	1
M37	사마귀	100423	5	100	0	12	17	5	0	5	1	200	0	0	2	4	6	20	0	23000	23	0	23	169	20000000	19	20000000	523	1300000	0	0	4010241	2	1	1
M38	눈코끼리	100424	867	100	0	550	500	1000	100	200	1	100	95	95	110	140	4	4000	400	100000	100	0	100	522	500000	645	100000	0	0	0	0	0	2	1	3
M39	무관의혼	100425	90	100	0	70	60	90	20	55	1	100	40	0	30	42	6	360	80	55000	55	0	55	783	300000	205	1500000	399	300000	0	0	8000692	2	1	1
M40	신검의혼	100426	774	100	0	420	650	700	100	230	1	100	95	95	130	150	7	2800	400	100000	100	0	100	196	100000	110	10000000	0	0	0	0	0	2	1	2
M41	멧돼지	100427	53	100	0	45	35	60	0	25	1	100	0	0	13	17	7	240	0	35000	35	0	35	28	15000000	640	15000000	398	400000	0	0	0	2	2	1
M42	왕거머리	100428	93	120	0	55	85	80	0	28	1	100	20	20	14	19	7	320	0	50000	50	0	50	367	12000000	752	400000	421	300000	0	0	0	2	4	1
M43	해마	100429	100	150	0	55	65	70	0	25	1	100	10	10	10	15	5	280	0	54000	54	0	54	642	1500000	622	400000	378	400000	0	0	4010235	2	4	1
M44	도굴꾼	100430	99	120	0	60	70	80	8	45	1	100	10	10	25	40	5	320	32	50000	50	0	50	114	12000000	780	400000	457	300000	0	0	0	2	3	1
M45	해저왕	100431	580	100	0	400	800	800	150	400	1	100	95	95	160	250	5	3200	600	100000	100	0	100	407	200000	644	2000000	0	0	0	0	0	2	1	3
M46	반달곰	100432	53	120	0	35	50	55	0	24	1	100	0	0	10	12	5	220	0	40000	41	0	41	712	2000000	67	15000000	505	400000	0	0	0	2	4	1
M47	기마창수	100433	104	140	0	55	75	90	20	32	1	100	10	10	22	28	7	360	80	56000	56	0	56	111	12000000	755	300000	536	300000	0	0	0	2	3	1
M48	대만오리	100434	5	100	0	10	10	7	0	4	1	100	0	0	1	2	4	28	0	3000	3	0	3	126	10000000	741	5000000	470	1000000	0	0	0	2	1	1
M49	도둑고양이	100435	5	100	0	12	17	5	0	5	1	100	0	0	2	4	6	20	0	3000	3	0	3	641	20000000	23	20000000	390	1300000	0	0	0	2	1	1
M50	대만왕벌	100436	22	180	0	13	18	10	0	4	1	100	0	0	1	3	6	40	0	17000	17	0	17	142	20000000	17	20000000	434	700000	0	0	4010251	2	1	1
M51	악덕상인	100437	19	100	0	24	20	20	0	5	1	200	0	0	2	3	4	80	0	25000	25	sword	25	665	20000000	722	20000000	473	700000	0	0	4010252	2	2	1
M52	마적두목	100438	528	100	0	600	600	700	130	500	1	100	50	80	200	241	5	2800	520	7000	7	0	7	654	300000	70	3000000	0	0	300	200	0	2	1	2
M53	망치마적	100439	11	100	0	25	25	8	0	9	1	100	0	0	2	4	3	32	0	10000	10	0	10	363	17000000	730	17000000	375	1000000	0	0	0	2	1	1
M54	총수마적	100440	4	100	0	12	10	4	0	4	1	100	0	0	1	2	4	16	0	5000	5	0	20	735	17000000	745	1000000	553	1000000	0	0	0	2	1	1
M55	원주민	100441	70	100	0	60	50	50	0	20	1	100	5	5	15	15	6	200	0	40000	40	0	40	731	20000000	723	20000000	374	1300000	0	0	0	2	1	1
M56	원주민무당	100442	75	100	0	65	50	55	20	30	1	100	0	25	15	15	4	220	80	42000	61	0	61	775	700000	705	17000000	414	700000	0	0	4010255	2	1	1
M57	해적	100443	42	100	0	35	40	35	3	11	1	100	0	0	30	35	5	140	12	30000	30	sword	30	733	15000000	708	15000000	397	500000	0	0	0	2	1	1
M58	차우차우 	100444	4	100	0	12	11	4	0	4	1	100	0	0	1	2	5	16	0	7000	7	0	7	126	10000000	721	5000000	448	1300000	0	0	0	2	1	1
M59	꼬마선인장	100445	107	100	0	57	85	80	24	43	1	100	10	10	15	25	5	320	96	68000	68	0	68	706	12000000	180	12000000	565	300000	0	0	4010254	2	1	1
M60	팬더 	100446	14	100	0	20	15	16	0	6	1	100	0	0	3	2	5	64	0	7000	7	0	7	675	17000000	678	17000000	452	700000	0	0	0	2	1	1
M61	구렁이	100447	40	100	0	35	50	30	0	5	1	100	0	0	25	45	4	120	0	7000	7	0	7	666	20000000	667	20000000	476	500000	0	0	0	2	1	1
M62	식인악어	100448	60	100	0	40	45	40	10	10	1	100	0	0	2	4	6	160	40	32000	32	0	32	711	17000000	737	17000000	418	400000	0	0	4010253	2	1	1
M63	갈고리해적	100449	52	100	0	42	54	42	10	10	1	100	0	0	30	34	6	168	40	7000	7	0	7	777	400000	705	15000000	562	400000	800	3	0	2	1	1
M64	마두인 	100450	120	120	0	110	90	98	20	40	1	100	10	10	30	46	7	392	80	105000	105	spear	99	725	5000000	127	12000000	379	300000	0	0	4010256	2	1	1
M65	졸개마적	100451	4	100	0	12	10	4	0	4	1	100	0	0	1	2	4	16	0	5000	5	0	5	147	17000000	715	17000000	499	700000	0	0	0	2	1	1
M66	독전갈 	100452	200	100	0	95	120	160	0	45	1	100	0	0	54	65	6	640	0	100000	55	0	55	571	100000	463	100000	511	200000	0	0	8000691	2	1	1
M67	루돌이	100453	40	100	0	35	50	30	0	5	1	100	0	0	25	45	4	120	0	7000	7	0	7	641	10000000	741	10000000	854	5000000	0	0	4010231	2	1	1
M68	천구	100454	300	100	0	150	190	250	50	120	1	100	50	50	90	120	6	1000	200	80000	80	0	80	350	10000000	98	1000000	383	100000	0	0	0	2	1	2
M69	요술사	100455	270	100	0	140	150	200	300	150	1	100	50	80	85	110	6	800	1200	95000	95	0	95	351	10000000	202	1000000	631	100000	0	0	0	2	1	2
M70	얼음나무	100456	55	100	0	35	35	60	10	30	1	100	0	0	7	10	6	240	40	32000	33	0	33	160	20000000	194	2000000	533	700000	0	0	0	2	1	1
M71	눈도마뱀	100457	45	100	0	45	55	35	10	18	1	100	0	0	15	19	6	140	40	42000	43	0	43	707	10000000	640	20000000	773	700000	0	0	0	2	1	1
M72	광우	100458	135	100	0	100	60	130	20	40	1	100	10	10	40	50	7	520	80	81000	81	0	81	20	20000000	97	1000000	402	100000	0	0	4010257	2	1	1
M73	거대수	100459	130	100	0	80	50	150	50	40	1	100	30	0	35	42	6	600	200	50000	50	0	50	725	5000000	127	12000000	379	300000	0	0	0	2	1	1
M74	괴물덩굴손	100461	30	100	0	20	30	40	0	10	1	100	0	0	15	20	2	160	0	20000	20	0	20	666	5000000	667	8000000	476	500000	0	0	0	2	1	1
M75	모래의신	100462	1000	100	0	600	300	1000	300	400	1	100	95	95	180	250	3	4000	1200	250000	100	0	100	440	3000000	195	2000000	0	0	0	0	0	2	1	3
M76	바다의사신	100463	1000	100	0	1000	1000	1100	500	400	1	100	95	95	200	250	5	4400	2000	300000	130	0	100	404	200000	196	100000	0	0	0	0	0	2	1	3
M77	살무사	100464	25	100	0	15	50	30	0	5	1	100	0	0	10	20	5	120	0	4000	5	0	0	666	4000000	667	5000000	476	500000	0	0	0	2	1	1
M78	아마쿠사	100465	1000	100	0	1000	1000	1000	500	250	1	100	95	95	130	160	6	4000	2000	300000	130	0	130	440	500000	195	100000	0	0	0	0	0	2	1	3
M79	용암괴물	100466	400	100	0	200	150	300	50	100	1	100	20	20	90	120	4	1200	200	150000	90	0	90	405	1000000	0	0	0	0	0	0	0	2	1	1
M80	이사의사념	100467	1000	100	0	600	600	600	1800	200	1	100	95	95	200	250	4	2400	7200	300000	150	0	150	990	100000	994	500000	0	0	0	0	0	2	1	3
M81	인면조	100468	500	100	0	300	600	400	80	200	1	100	70	80	170	200	5	1600	320	100000	100	0	100	654	300000	70	3000000	0	0	300	200	0	2	1	3
M82	족제비	100469	20	100	0	15	30	20	0	5	1	200	0	0	5	7	5	80	0	25000	25	0	25	142	5000000	17	5000000	434	1000000	0	0	0	2	1	1
M83	징키스칸	100470	800	100	0	300	500	600	100	200	1	100	50	50	100	130	5	2400	400	100000	130	0	130	206	1000000	549	300000	0	0	0	0	0	2	1	3
M84	코브라	100471	30	100	0	20	20	35	0	10	1	100	0	0	15	20	3	140	0	5000	6	0	0	666	5000000	667	5000000	476	4000000	0	0	0	2	1	1
M85	화산의불꽃	100472	120	100	0	75	50	100	30	20	1	100	0	0	50	60	6	400	120	90000	80	0	80	225	500000	0	0	0	0	0	0	0	2	1	1
U00	조선짐꾼	100011	15	0	1	40	10	10	0	5	1	200	0	0	6	9	5	40	0	300	1	0	1	0	0	0	0	0	0	0	0	4000104	0	1	0
U01	창잡이	100012	15	0	1	34	20	16	0	8	1	100	0	0	7	10	6	64	0	5400	10	spear	4	430	2000000	448	1000000	434	500000	0	0	4000105	0	1	0
U02	활잡이	100013	15	0	1	20	20	10	0	4	1	100	0	0	5	7	6	40	0	4800	9	Arrow	4	297	2000000	449	1000000	435	0	0	0	4000106	0	1	0
U03	파계승	100015	15	0	1	25	20	10	5	4	1	100	0	20	6	8	6	40	20	6000	13	buddist	5	412	2000000	452	1000000	438	500000	0	0	4000108	0	1	0
U04	대장군포	100021	15	0	1	100	20	24	0	50	1	0	0	0	90	110	3	96	0	60000	55	0	100	0	0	0	0	0	0	0	0	0	0	1	0
U05	기마궁수	100022	15	0	1	18	18	12	0	4	1	100	0	0	4	6	8	48	0	9000	16	Arrow	6	374	2000000	469	1000000	441	500000	0	0	4000107	0	1	0
U06	천자총통	100023	15	0	1	40	20	20	0	40	1	0	0	0	70	90	6	80	0	4200	45	0	100	0	0	0	0	0	0	0	0	0	0	1	0
U07	화차	100024	15	0	1	20	20	10	0	40	1	0	0	0	60	80	5	40	0	5000	30	0	100	0	0	0	0	0	0	0	0	0	0	1	0
U08	유생	100025	15	0	1	15	20	15	6	4	1	100	0	10	5	7	6	60	24	7500	10	fan	5	375	2000000	470	1000000	413	500000	0	0	4000109	0	1	0
U09	검술낭인	100026	15	0	10	38	25	8	0	4	1	100	0	0	10	13	6	32	0	6000	10	sword	4	376	2000000	473	1000000	414	500000	0	0	4000110	0	1	0
U10	조총낭인	100111	15	0	10	18	25	12	0	4	1	100	0	0	5	7	6	48	0	4800	9	Bullet	4	377	2000000	476	1000000	418	500000	0	0	4000111	0	1	0
U11	늑대낭인	100112	15	0	10	30	30	10	0	5	1	100	0	0	9	12	8	40	0	9000	16	spear	6	378	2000000	496	1000000	421	500000	0	0	4000112	0	1	0
U12	퇴마사	100113	15	0	10	18	20	13	10	4	1	100	0	10	5	7	6	52	40	6300	13	beads	5	379	2000000	493	1000000	405	500000	0	0	4000113	0	1	0
U13	닌자	100114	15	0	10	30	40	10	0	4	1	100	0	20	8	11	7	40	0	7200	12	craw	5	380	2000000	496	1000000	402	500000	0	0	4000114	0	1	0
U14	귀갑차	100115	15	0	10	40	20	20	0	30	1	0	0	0	50	70	5	80	0	45000	39	0	100	0	0	0	0	0	0	0	0	0	0	1	0
U15	화염차	100116	15	0	10	45	20	22	0	30	1	0	0	0	50	70	4	88	0	55000	41	0	100	0	0	0	0	0	0	0	0	0	0	1	0
U16	파쇄차	100117	15	0	10	60	20	30	0	60	1	0	0	0	110	130	4	120	0	62000	68	0	100	0	0	0	0	0	0	0	0	0	0	1	0
U17	명창병	100210	15	0	100	35	20	18	0	6	1	100	0	0	7	10	6	72	0	7000	11	spear	100	0	0	0	0	0	0	0	0	0	0	1	0
U18	명화승총병	100211	15	0	100	25	20	12	0	5	1	100	0	0	6	8	6	48	0	7500	9	Bullet	100	0	0	0	0	0	0	0	0	0	0	1	0
U19	명등갑총병	100212	15	0	100	40	20	20	0	7	1	100	0	0	8	11	5	80	0	4000	10	Bullet	100	0	0	0	0	0	0	0	0	0	0	1	0
U20	명주술사	100213	15	0	100	20	20	10	5	4	1	100	0	30	5	7	7	40	20	4500	13	0	100	0	0	0	0	0	0	0	0	0	0	1	0
U21	불량기포	100214	15	0	100	40	20	20	0	40	1	0	0	0	80	100	5	80	0	6000	47	0	100	0	0	0	0	0	0	0	0	0	0	1	0
U22	발석거	100215	15	0	100	100	20	24	0	50	1	0	0	0	100	120	4	96	0	8500	57	0	100	0	0	0	0	0	0	0	0	0	0	1	0
U23	코끼리	100216	15	0	100	30	20	14	0	60	1	0	0	0	110	130	5	56	0	7500	46	0	100	0	0	0	0	0	0	0	0	0	0	1	0
U24	일본짐꾼	100118	15	0	10	40	10	10	0	5	1	200	0	0	6	9	5	40	0	300	1	0	1	0	0	0	0	0	0	0	0	4000115	0	1	0
U25	명짐꾼	100275	15	0	100	40	10	10	0	5	1	200	0	0	6	9	5	40	0	350	1	0	1	0	0	0	0	0	0	0	0	4000234	0	1	0
U26	황소짐꾼	100218	15	0	1	60	20	20	0	10	1	300	0	0	1	2	5	80	0	5000	100	0	25	0	0	0	0	0	0	0	0	0	0	1	0
U27	수레짐꾼	100219	15	0	10	60	20	20	0	10	1	300	0	0	1	2	5	80	0	5000	100	0	25	0	0	0	0	0	0	0	0	0	0	1	0
U30	이순신	100220	50	0	1	40	60	50	20	10	1	100	0	0	13	16	5	200	80	1000000	150	Arrow	45	325	2000000	628	1000000	408	500000	0	0	4000200	1	1	0
U31	허준	100221	50	0	1	30	50	50	50	5	1	100	0	20	12	14	5	200	200	1400000	150	fan	60	0	0	0	0	0	0	0	0	4000201	1	1	0
U32	신립	100222	50	0	1	35	65	45	15	10	1	100	0	0	9	12	7	180	60	1550000	150	Arrow	55	326	2000000	631	1000000	409	500000	0	0	4000202	1	1	0
U33	김시민	100223	50	0	1	60	40	80	10	20	1	100	0	0	20	25	5	320	40	1000000	150	spear	50	324	2000000	399	1000000	387	500000	0	0	4000203	1	1	0
U34	권율	100224	50	0	1	50	50	70	20	18	1	100	0	0	17	23	5	280	80	1100000	150	sword	45	0	0	0	0	0	0	0	0	4000204	1	1	0
U35	사명대사	100225	50	0	1	30	30	40	80	8	1	100	0	20	10	14	5	160	320	1400000	150	buddist	55	93	2000000	565	1000000	380	500000	0	0	4000205	1	1	0
U36	유성룡	100226	50	0	1	30	40	40	70	8	1	100	0	20	10	13	5	160	280	1450000	150	fan	55	94	2000000	568	1000000	378	500000	0	0	4000206	1	1	0
U37	도쿠가와	100227	50	0	10	50	50	50	20	17	1	100	0	0	16	20	7	200	80	1600000	150	spear	65	323	2000000	511	1000000	0	0	0	0	4000207	1	1	0
U38	고니시	100228	50	0	10	70	50	60	10	15	1	100	0	0	25	30	5	240	40	1300000	150	sword	45	0	0	0	0	0	0	0	0	4000208	1	1	0
U39	와키자카	100229	50	0	10	40	60	50	20	15	1	100	0	0	6	9	5	200	80	1050000	150	Bullet	45	337	2000000	514	1000000	0	0	0	0	4000209	1	1	0
U40	가토	100230	50	0	10	80	40	60	10	12	1	100	0	0	28	33	5	240	40	1250000	150	sword	55	541	2000000	456	1000000	0	0	0	0	4000210	1	1	0
U41	우기다	100231	50	0	10	40	60	50	20	15	1	100	0	0	16	22	7	200	80	1600000	150	spear	60	0	0	0	0	0	0	0	0	4000211	1	1	0
U42	아사코	100232	50	0	10	50	70	40	40	13	1	100	0	20	6	9	5	160	160	1450000	150	craw	50	517	2000000	463	1000000	0	0	0	0	4000212	1	1	0
U43	세이쇼	100233	50	0	10	30	40	50	70	8	1	100	0	20	11	15	5	200	280	1350000	150	beads	55	536	2000000	466	1000000	0	0	0	0	4000213	1	1	0
U44	H활잡이	100234	20	0	1	20	20	10	0	4	1	100	0	0	5	7	6	40	0	4800	9	Arrow	2	390	2000000	499	1000000	622	500000	0	0	4000106	0	1	0
U45	H기마궁수	100235	20	0	1	18	18	12	0	4	1	100	0	0	4	6	8	48	0	9000	16	Arrow	4	393	2000000	523	1000000	625	500000	0	0	4000107	0	1	0
U46	H유생	100236	20	0	1	15	20	15	6	4	1	100	0	10	5	7	6	60	24	2500	10	fan	3	395	2000000	525	1000000	0	0	0	0	4000109	0	1	0
U47	H창잡이	100237	20	0	1	34	20	16	0	8	1	100	0	0	7	10	6	64	0	5400	10	spear	2	412	2000000	530	1000000	0	0	0	0	4000105	0	1	0
U48	H파계승	100238	20	0	1	25	20	10	5	4	1	100	0	20	6	8	6	40	20	6000	13	buddist	3	413	2000000	550	1000000	0	0	0	0	4000108	0	1	0
U49	H검술낭인	100239	20	0	10	38	25	8	0	4	1	100	0	0	10	13	6	32	0	6000	10	sword	2	414	2000000	553	1000000	0	0	0	0	4000110	0	1	0
U50	H조총낭인	100240	20	0	10	18	25	12	0	4	1	100	0	0	5	7	6	48	0	4800	9	Bullet	2	430	2000000	556	1000000	0	0	0	0	4000111	0	1	0
U51	H늑대낭인	100241	20	0	10	30	30	10	0	5	1	100	0	0	9	12	8	40	0	9000	16	spear	4	431	2000000	559	1000000	0	0	0	0	4000112	0	1	0
U52	H퇴마사	100242	20	0	10	18	20	13	10	4	1	100	0	10	5	7	6	52	40	6300	13	beads	3	434	2000000	616	1000000	0	0	0	0	4000113	0	1	0
U53	H닌자	100243	20	0	10	30	40	10	0	4	1	100	0	20	8	11	7	40	0	7200	12	craw	3	435	2000000	619	1000000	0	0	0	0	4000114	0	1	0
U54	대만짐꾼	100246	15	0	1000	40	10	10	0	5	1	200	0	0	6	9	5	40	0	300	1	0	1	0	0	0	0	0	0	0	0	4000214	0	1	0
U55	도끼거한	100247	15	0	1000	45	10	20	0	4	1	100	0	0	13	16	4	80	0	6500	10	axe	4	376	2000000	473	1000000	414	500000	0	0	4000215	0	1	0
U56	서양총수	100248	15	0	1000	15	30	15	0	4	1	100	0	0	4	6	4	60	0	5000	9	Bullet	4	377	2000000	476	1000000	418	500000	0	0	4000216	0	1	0
U57	주술사	100249	15	0	1000	23	23	10	5	4	1	100	0	20	5	8	6	40	20	6000	13	beads	5	412	2000000	452	1000000	438	500000	0	0	4000217	0	1	0
U58	여전사	100250	15	0	1000	22	22	10	0	4	1	100	0	0	4	6	7	40	0	8500	16	SpinStone	6	374	2000000	469	1000000	441	500000	0	0	4000218	0	1	0
U59	봉술가	100265	15	0	1000	35	25	20	0	7	1	100	0	0	10	13	4	80	0	8000	12	stick	5	380	2000000	496	1000000	402	500000	0	0	4000219	0	1	0
U60	H서양총수	100266	20	0	1000	15	30	15	0	4	1	100	0	0	4	6	4	60	0	5000	9	Bullet	4	377	2000000	476	1000000	418	500000	0	0	4000216	0	1	0
U61	H주술사	100267	20	0	1000	23	23	10	5	4	1	100	0	20	5	8	6	40	20	6000	13	beads	5	412	2000000	452	1000000	438	500000	0	0	4000217	0	1	0
U62	H봉술가	100268	20	0	1000	35	25	20	0	7	1	100	0	0	10	13	4	80	0	8000	12	stick	5	380	2000000	496	1000000	402	500000	0	0	4000219	0	1	0
U63	H여전사	100269	20	0	1000	22	22	10	0	4	1	100	0	0	4	6	7	40	0	8500	16	SpinStone	6	374	2000000	469	1000000	441	500000	0	0	4000218	0	1	0
U64	H도끼거한	100270	20	0	1000	45	10	20	0	4	1	100	0	0	13	16	4	80	0	6500	10	axe	4	376	2000000	473	1000000	414	500000	0	0	4000215	0	1	0
U65	큰칼무사	100271	15	0	100	38	22	19	0	5	1	100	0	0	14	15	6	76	0	6300	9	sword	4	378	2000000	477	1000000	387	500000	0	0	4000230	0	1	0
U66	무도가	100272	15	0	100	35	20	18	0	4	1	100	0	0	9	12	6	72	0	5800	10	0	5	412	2000000	452	1000000	438	500000	0	0	4000231	0	1	0
U67	모험가	100273	15	0	100	26	25	15	5	6	1	100	0	0	12	20	4	60	20	6200	12	fan	6	380	2000000	496	1000000	402	500000	0	0	4000232	0	1	0
U68	수도승	100274	15	0	100	15	23	10	10	4	1	100	0	0	7	9	5	40	40	4600	11	buddist	4	374	2000000	469	1000000	441	500000	0	0	4000233	0	1	0
U69	화포수	100276	15	0	100	37	10	19	0	5	1	100	0	0	15	19	4	76	0	7200	13	firegun	6	376	2000000	473	1000000	414	500000	0	0	4000235	0	1	0
U70	왕거한	100279	50	0	1000	90	30	50	20	35	1	100	0	0	25	40	5	200	80	1450000	150	axe	50	323	2000000	511	1000000	0	500000	0	0	4000316	1	1	0
U71	유영복	100280	50	0	1000	60	40	80	10	20	1	100	0	0	20	25	5	320	40	1300000	150	stick	50	324	2000000	399	1000000	387	500000	0	0	4000317	1	1	0
U72	페르난데스	100281	50	0	1000	40	70	50	20	15	1	100	0	0	20	24	5	200	80	1050000	150	Bullet	45	337	2000000	514	1000000	0	500000	0	0	4000318	1	1	0
U73	임평후	100282	50	0	1000	30	40	40	80	8	1	100	0	20	11	15	5	160	320	1350000	150	beads	55	536	2000000	466	1000000	0	500000	0	0	4000319	1	1	0
U74	조세림	100283	50	0	1000	40	50	55	20	20	1	100	0	0	18	25	5	220	80	1300000	150	SpinStone	60	324	2000000	399	1000000	387	500000	0	0	4000320	1	1	0
U75	H큰칼무사	100284	15	0	100	38	22	19	0	5	1	100	0	0	14	15	6	76	0	6300	9	sword	4	378	2000000	477	1000000	387	500000	0	0	4000230	0	1	0
U76	H무도가	100285	15	0	100	35	20	18	0	4	1	100	0	0	9	12	6	72	0	5800	10	0	5	412	2000000	452	1000000	438	500000	0	0	4000231	0	1	0
U77	H모험가	100286	15	0	100	26	25	15	5	6	1	100	0	0	12	20	4	60	20	6200	12	fan	6	380	2000000	496	1000000	402	500000	0	0	4000232	0	1	0
U78	H수도승	100287	15	0	100	15	23	10	10	4	1	100	0	0	7	9	5	40	40	4600	11	buddist	4	374	2000000	469	1000000	441	500000	0	0	4000233	0	1	0
U79	H화포수	100288	15	0	100	37	10	19	0	5	1	100	0	0	15	19	4	76	0	7200	13	firegun	6	376	2000000	473	1000000	414	500000	0	0	4000235	0	1	0
U80	조승훈	100289	50	0	100	60	30	60	40	25	1	100	0	0	35	45	5	240	160	1250000	150	sword	55	541	2000000	456	1000000	0	0	0	0	4000236	1	1	0
U81	이령	100290	50	0	100	60	60	50	30	15	1	100	0	0	20	23	5	200	120	1050000	150	firegun	45	337	2000000	514	1000000	0	0	0	0	4000237	1	1	0
U82	동방불패	100291	50	0	100	80	80	50	40	30	1	100	20	0	50	70	5	200	160	1450000	150	0	55	517	2000000	463	1000000	0	0	0	0	4000238	1	1	0
U83	축융	100292	50	0	100	50	50	70	20	35	1	100	0	0	15	25	5	280	80	1450000	150	fan	50	517	2000000	463	1000000	0	0	0	0	4000239	1	1	0
U84	제갈공명	100293	50	0	100	25	35	40	100	8	1	100	0	20	14	20	5	160	400	1350000	150	buddist	55	536	2000000	466	1000000	0	0	0	0	4000240	1	1	0
C100	T조철희	110001	10	0	1	15	15	15	5	5	1	200	0	0	6	8	7	60	20	0	10	1	0	0	0	0	0	0	0	0	0	0	0	1	0
M86	엄마광우	100473	450	0	0	250	150	350	50	120	1	100	30	10	100	130	7	1400	200	160000	100	0	95	761	100000	0	0	0	0	0	0	0	2	1	2
M87	요술사령	100474	500	0	0	250	250	400	400	150	1	100	50	80	110	135	6	1600	1600	170000	105	0	100	634	100000	0	0	0	0	0	0	0	2	1	2
M88	대장반달곰	100475	550	0	0	350	350	550	0	200	1	100	30	30	120	140	8	2200	0	200000	110	0	105	426	100000	0	0	0	0	0	0	0	2	4	2
M89	처녀귀신	100476	40	100	1	35	50	30	0	5	1	100	0	0	25	45	5	120	0	8000	40	0	40	185	4000000	33	4000000	0	0	0	0	0	2	1	1
M90	해골	100477	0	0	1000	150	190	250	50	120	1	100	50	50	90	120	6	1000	200	80000	60	0	80	205	1500000	378	1000000	383	100000	0	0	0	2	1	1
M91	해골병사	100478	0	0	1000	150	190	250	150	120	1	100	50	50	90	120	6	1000	600	90000	80	0	80	148	10000000	900	1	383	100000	0	0	0	2	1	1
M92	해적선장	100479	0	0	1000	500	700	750	150	400	1	100	90	95	140	180	5	3000	600	120000	100	0	100	903	100000	647	2000000	0	0	0	0	0	2	1	3
M93	흑백무상	100480	40	100	1	100	60	130	20	40	1	100	30	50	60	80	7	520	80	81000	81	0	81	367	2000000	675	2000000	0	0	0	0	4010257	2	1	1
M94	우산귀신	100481	40	100	1	35	50	30	0	5	1	100	0	0	25	45	5	120	0	8000	40	0	40	367	10000000	339	10000000	0	0	0	0	0	2	1	1
M95	적고적	100482	43	150	0	25	35	20	25	15	1	100	0	0	5	8	4	80	100	35000	35	0	35	180	17000000	0	0	0	0	0	0	0	2	3	1
M96	무녀	100483	450	0	0	250	200	200	200	120	1	100	30	80	100	130	7	800	800	160000	100	0	95	889	100000	0	0	0	0	0	0	0	2	1	1
M97	진성여왕	100484	500	0	0	250	250	350	300	150	1	100	50	80	110	135	6	1400	1200	170000	105	0	100	890	100000	0	0	0	0	0	0	0	2	1	2
M98	아우타	100485	1000	100	0	1000	1000	1100	500	400	1	100	95	95	220	280	5	4400	2000	300000	130	0	100	891	100000	0	0	0	0	0	0	0	2	1	3
U85	당나귀	100486	0	0	0	240	10	250	0	5	1	200	0	0	6	9	5	1000	0	0	30	0	1	0	0	0	0	0	0	0	0	4000291	2	1	0
U86	칼잡이	2086	0	0	1	30	21	20	0	5	1	100	0	0	10	15	7	80	0	9000	20	sword	6	0	0	0	0	0	0	0	0	1963	0	1	0
U87	권율	1956	0	0	1	80	40	40	30	25	1	100	0	0	25	35	5	160	120	1450000	150	sword	60	0	0	0	0	0	0	0	0	1964	1	1	0
U88	기마무사	1957	0	0	10	40	25	6	0	5	1	100	0	0	10	15	7	24	0	9000	20	dsword	6	0	0	0	0	0	0	0	0	1965	0	1	0
U89	고니시	1958	0	0	10	80	50	20	40	25	1	100	0	0	15	25	5	80	160	1450000	150	dsword	55	0	0	0	0	0	0	0	0	1966	1	1	0
U90	도술사	1961	0	0	100	10	15	15	31	5	1	100	0	20	5	7	6	60	124	9000	20	0	6	0	0	0	0	0	0	0	0	1969	0	1	0
U91	순비연	1962	0	0	100	40	30	30	90	9	1	100	0	30	10	14	6	120	360	1450000	150	0	50	0	0	0	0	0	0	0	0	1970	1	1	0
U92	야수전사	1959	0	0	1000	40	15	16	0	5	1	100	0	0	10	15	8	64	0	9000	20	spear	6	0	0	0	0	0	0	0	0	1967	0	1	0
U93	손유창	1960	0	0	1000	90	40	40	20	35	1	100	0	0	25	45	6	160	80	1450000	150	spear	60	0	0	0	0	0	0	0	0	1968	1	1	0
M99	비호	2036	0	0	0	1200	1200	1500	800	500	1	100	50	105	250	300	6	6000	3200	2000000	150	0	150	925	100000	411	100000	880	1000000	0	0	0	2	1	4
M100	졸개호랑이	2037	0	0	0	50	55	50	0	20	1	100	80	35	15	20	7	200	0	2000000	150	0	150	70	1000000	0	0	0	0	0	0	0	2	1	1
M101	문지기	2095	0	0	0	1300	1300	1000	800	550	1	100	80	80	150	180	6	4000	3200	3000000	150	spear	150	993	1000000	996	500000	997	10000000	0	0	2288	2	1	2
M102	주술사	2096	0	0	0	1000	1500	1000	1000	500	1	100	0	100	15	20	6	4000	4000	3000000	150	0	150	70	1000000	0	0	0	0	0	0	2289	2	1	1
M103	기마병마용	2097	0	0	0	1500	1500	1200	1000	600	1	100	100	70	170	200	6	4800	4000	3000000	150	sword	150	992	1000000	994	1000000	0	0	0	0	2290	2	1	2
M104	불사조	2098	0	0	0	1800	1800	1300	1000	700	1	100	100	55	190	220	7	5200	4000	3000000	150	0	150	991	5000000	995	5000000	0	0	0	0	2291	2	1	3
M105	진시황의혼	2099	0	0	0	2000	2000	1500	1200	750	1	100	95	95	200	250	6	6000	4800	3000000	150	0	150	999	2000	1011	400000	995	10000000	0	0	2292	2	1	3
M106	올빼미	2161	0	0	0	25	18	20	0	15	1	100	0	30	4	7	5	80	0	3000000	150	0	150	70	1000000	0	0	0	0	0	0	2293	2	1	1
M107	표범	2149	0	0	0	35	55	50	10	22	1	100	20	10	15	20	6	200	40	3000000	150	0	150	70	1000000	0	0	0	0	0	0	2294	2	1	1
M108	흉노기궁병	2150	0	0	0	90	40	40	20	35	1	100	0	0	25	45	6	160	80	3000000	150	Arrow	100	70	1000000	0	0	0	0	0	0	2295	2	1	1
M109	흉노기마병	2151	0	0	0	110	80	110	60	35	1	100	15	15	40	48	6	440	240	300000	108	spear	100	70	1000000	0	0	0	0	0	0	2296	2	1	1
M110	흉노전사	2152	0	0	0	70	40	30	20	35	1	100	0	0	25	45	6	120	80	3000000	150	0	100	70	1000000	0	0	0	0	0	0	2297	2	1	1
U94	의술사	2153	0	0	1	20	15	10	15	4	1	100	0	0	6	9	7	40	60	6300	13	0	4	0	0	0	0	0	0	0	0	2112	0	1	0
U95	허준	2154	0	0	1	25	30	45	90	8	1	100	0	0	14	16	5	180	360	1350000	150	0	50	0	0	0	0	0	0	0	0	2113	1	1	0
U96	음양사	2155	0	0	10	25	15	10	10	4	1	100	0	0	5	8	7	40	40	6300	13	0	4	0	0	0	0	0	0	0	0	2114	0	1	0
U97	세이메이	2156	0	0	10	30	30	50	80	8	1	100	0	0	12	18	5	200	320	1350000	150	0	45	0	0	0	0	0	0	0	0	2115	1	1	0
U98	염력사	2157	0	0	1000	25	20	10	5	4	1	100	0	0	5	8	8	40	20	6300	13	bead	4	0	0	0	0	0	0	0	0	2116	0	1	0
U99	장선화	2158	0	0	1000	40	50	10	90	8	1	100	0	0	10	14	6	40	360	1350000	150	0	55	0	0	0	0	0	0	0	0	2117	1	1	0
U100	장창무사	2159	0	0	100	30	30	10	0	5	1	100	0	0	8	13	6	40	0	9000	13	spear	6	0	0	0	0	0	0	0	0	2118	0	1	0
U101	곽후	2160	0	0	100	55	35	80	20	15	1	100	30	0	20	35	6	320	80	1600000	150	spear	65	0	0	0	0	0	0	0	0	2119	1	1	0
M111	눈사람1	100487	0	0	0	30	40	30	0	30	1	100	0	35	110	135	6	120	0	0	150	0	150	880	10	881	20	0	0	0	0	0	2	1	1
M112	눈사람2	100487	0	0	0	30	40	30	0	30	1	100	0	35	110	135	6	120	0	0	150	0	150	977	1000	0	0	0	0	0	0	0	2	1	1
M113	가짜산타1	100488	0	0	0	30	40	30	0	30	1	100	50	105	250	300	6	120	0	0	150	0	150	975	10	0	0	0	0	0	0	0	2	1	1
M114	가짜산타2	100488	0	0	0	30	40	30	0	30	1	100	50	105	250	300	6	120	0	0	150	0	150	976	1000	0	0	0	0	0	0	0	2	1	1
M115	가짜산타3	100488	0	0	0	30	40	30	0	30	1	100	50	105	250	300	6	120	0	0	150	0	150	980	1000	0	0	0	0	0	0	0	2	1	1
M116	엄마루돌1	100489	0	0	0	30	40	30	0	30	1	100	50	105	250	300	6	120	0	0	150	0	150	975	10	0	0	0	0	0	0	0	2	1	1
M117	엄마루돌2	100489	0	0	0	30	40	30	0	30	1	100	50	105	250	300	6	120	0	0	150	0	150	978	1000	0	0	0	0	0	0	0	2	1	1
M118	엄마루돌3	100489	0	0	0	30	40	30	0	30	1	100	50	105	250	300	6	120	0	0	150	0	150	979	1000	0	0	0	0	0	0	0	2	1	1
M119	엄마루돌4	100489	0	0	0	30	40	30	0	30	1	100	50	105	250	300	6	120	0	0	150	0	150	840	1	0	0	0	0	0	0	0	2	1	1
M120	가짜산타4	100488	0	0	0	30	40	30	0	30	1	100	50	105	250	300	6	120	0	0	150	0	150	840	1	0	0	0	0	0	0	0	2	1	1
M121	가짜산타	100488	0	0	0	30	40	30	0	30	1	100	50	105	250	300	6	120	0	0	150	0	150	981	20	0	0	0	0	0	0	0	2	1	1
M122	엄마루돌이	100489	0	0	0	30	40	30	0	30	1	100	50	105	250	300	6	120	0	0	150	0	150	981	20	0	0	0	0	0	0	0	2	1	1
M123	익룡	100490	0	0	0	50	50	80	25	15	1	100	10	0	8	15	6	320	100	0	150	0	150	985	100000000	0	0	0	0	0	0	0	2	1	1
M124	렙터	100491	0	0	0	250	200	200	200	120	1	100	30	80	100	130	7	800	800	0	150	0	150	985	100000000	0	0	0	0	0	0	0	2	1	1
M125	티라노	100492	0	0	0	400	800	800	150	400	1	100	95	95	160	250	6	3200	600	0	150	0	150	985	100000000	0	0	0	0	0	0	0	2	1	2
M126	원숭이	100493	0	0	0	10	12	3	0	4	1	200	0	0	1	2	5	12	0	0	150	0	150	0	0	0	0	0	0	0	0	0	2	1	1
M127	염라대왕	8000632	0	0	0	2000	2000	2000	2000	800	1	100	120	200	300	350	6	8000	8000	0	150	fan	150	998	1000000	0	0	0	0	0	0	0	2	1	4
M128	저승사자	8000633	0	0	0	1500	1500	1000	75	500	1	100	120	200	200	250	7	4000	300	0	150	beads	150	1001	500000	0	0	0	0	0	0	0	2	1	4
M129	유령사무라	8000634	0	0	0	1000	1000	800	75	500	1	100	120	200	120	160	5	3200	300	0	150	sword	150	1002	1000000	0	0	0	0	0	0	0	2	1	4
M130	이무기	8000635	0	0	0	1500	1500	1000	1200	800	1	100	120	200	260	280	5	4000	4800	0	150	0	150	1000	100000	998	100000	0	0	0	0	0	2	1	4
M131	유령코끼리	8000636	0	0	0	550	500	1000	100	200	1	100	95	110	110	140	5	4000	400	0	150	0	150	1004	1000000	0	0	0	0	0	0	0	2	1	4
M132	유령해저왕	8000637	0	0	0	400	800	800	150	400	1	100	95	110	160	250	5	3200	600	0	150	0	150	1005	500000	1006	500000	0	0	0	0	0	2	1	4
M133	유령해적선	8000638	0	0	0	500	700	750	150	400	1	100	90	110	140	180	5	3000	600	0	150	Bullet	150	1003	1000000	1010	1000000	0	0	0	0	0	2	1	4
M134	유령해골	8000639	0	0	0	500	300	300	0	500	1	100	100	120	120	150	5	1200	0	0	150	0	150	1008	10000000	0	0	0	0	0	0	0	2	1	4
M135	유령해골병	8000640	0	0	0	700	500	500	0	700	1	100	120	120	150	180	5	2000	0	0	150	0	150	1009	10000000	0	0	0	0	0	0	0	2	1	4
M136	유령무녀	8000641	0	0	0	600	500	500	0	600	1	100	120	120	180	220	5	2000	0	0	150	0	150	1005	1000000	0	0	0	0	0	0	0	2	1	4
M137	유령불꽃	8000642	0	0	0	700	400	500	600	800	1	100	120	120	180	220	5	2000	2400	0	150	0	150	1007	500000	0	0	0	0	0	0	0	2	1	4
M138	쥐	8000643	0	0	0	100	50	75	0	10	1	100	10	10	10	12	8	300	0	0	150	0	150	0	0	0	0	0	0	0	0	0	2	1	1
M139	소1	8000644	0	0	0	100	100	500	0	100	1	100	100	100	150	180	6	2000	0	0	150	0	150	0	0	0	0	0	0	0	0	0	2	1	1
M140	소2	8000645	0	0	0	200	200	500	0	200	1	100	100	100	180	210	6	2000	0	0	150	0	150	0	0	0	0	0	0	0	0	0	2	1	1
M141	소3	8000646	0	0	0	300	300	500	0	300	1	100	100	100	210	300	6	2000	0	0	150	0	150	0	0	0	0	0	0	0	0	0	2	1	1
M142	병아리	8000647	0	0	0	25	25	50	0	9	1	100	30	30	30	40	5	200	0	0	150	0	150	0	0	0	0	0	0	0	0	0	2	1	1
M143	돼지	8000648	0	0	0	30	30	500	30	30	1	100	30	30	30	30	5	2000	120	0	150	0	150	0	0	0	0	0	0	0	0	0	2	1	1
M144	뱀	8000673	0	0	0	50	50	500	0	5	1	100	50	50	10	20	5	2000	0	0	5	0	0	666	4000000	667	5000000	476	500000	0	0	0	2	1	1
M145	원숭이	8000674	0	0	0	50	50	400	250	100	1	200	50	50	10	20	5	1600	1000	0	150	0	150	0	0	0	0	0	0	0	0	0	2	1	1
M146	침략왜구	8000689	0	0	0	16	10	4	0	4	1	100	0	0	3	4	4	16	0	11000	11	sword	11	881	1000000	350	8000000	0	0	0	0	4010242	2	2	1
U102	K거북차	100600	50	0	1	115	57	315	86	45	1	100	9	100	39	48	3	1261	0	3080000	150	Arrow	72	325	2000000	628	1000000	408	500000	0	0	4001009	3	1	0
U103	K뇌전차	100601	50	0	1	77	26	256	154	30	1	100	4	100	68	81	4	1024	0	2200000	150	0	54	0	0	0	0	0	0	0	0	4001010	3	1	0
U104	J지진차	100602	50	0	10	116	87	319	58	40	1	100	8	100	45	51	4	1276	0	2310000	150	Bullet	54	326	2000000	631	1000000	409	500000	0	0	4001011	3	1	0
U105	J흑룡차	100603	50	0	10	50	50	251	151	25	1	100	3	100	72	86	5	1004	0	2970000	150	0	72	324	2000000	399	1000000	387	500000	0	0	4001012	3	1	0
U106	C발석거	100605	50	0	100	129	51	231	103	55	1	100	10	100	72	88	2	925	0	3190000	150	0	72	93	2000000	565	1000000	380	500000	0	0	4001013	3	1	0
U107	C불랑기포	100604	50	0	100	172	57	287	57	40	1	100	5	100	25	35	3	1148	0	2310000	150	firegun	60	0	0	0	0	0	0	0	0	4001014	3	1	0
U108	T화룡차	100606	50	0	1000	113	57	330	57	50	1	100	9	100	48	64	3	1358	0	3190000	150	spear	72	94	2000000	568	1000000	378	500000	0	0	4001015	3	1	0
U109	T봉황비조	100607	50	0	1000	78	52	233	155	20	1	100	2	100	60	74	8	931	0	2970000	150	0	66	323	2000000	511	1000000	0	0	0	0	4001016	3	1	0
